0.00  0.596
0.01  0.587
0.02  0.569
0.03  0.531
0.04  0.462
0.05  0.372
0.06  0.268
0.07  0.203
0.08  0.170
0.09  0.157
0.10  0.156
0.11  0.155
0.12  0.154
0.13  0.160
0.14  0.167
0.15  0.184
0.16  0.241
0.17  0.208
0.18  0.193
0.19  0.192
0.20  0.197
0.21  0.201
0.22  0.208
0.23  0.224
0.24  0.263
0.25  0.337
0.26  0.406
0.27  0.447
0.28  0.462
0.29  0.467
0.30  0.465
0.31  0.457
0.32  0.450
0.33  0.441
0.34  0.433
0.35  0.424
0.36  0.416
0.37  0.405
0.38  0.391
0.39  0.374
0.40  0.355
0.41  0.334
0.42  0.312
0.43  0.291
0.44  0.276
0.45  0.264
0.46  0.257
0.47  0.252
0.48  0.247
0.49  0.240
0.50  0.235
0.51  0.229
0.52  0.232
0.53  0.224
0.54  0.220
0.55  0.219
0.56  0.224
0.57  0.225
0.58  0.214
0.59  0.205
0.60  0.197
0.61  0.191
0.62  0.189
0.63  0.191
0.64  0.196
0.65  0.202
0.66  0.209
0.67  0.216
0.68  0.226
0.69  0.236
0.70  0.243
0.71  0.247
0.72  0.246
0.73  0.244
0.74  0.243
0.75  0.242
0.76  0.238
0.77  0.230
0.78  0.223
0.79  0.218
0.80  0.212
0.81  0.207
0.82  0.202
0.83  0.195
0.84  0.189
0.85  0.182
0.86  0.175
0.87  0.167
0.88  0.161
0.89  0.156
0.90  0.151
0.91  0.145
0.92  0.139
0.93  0.130
0.94  0.120
0.95  0.111
0.96  0.102
0.97  0.093
0.98  0.082
0.99  0.071
1.00  0.061
1.01  0.051
1.02  0.041
1.03  0.031
1.04  0.021
1.05  0.010
1.06  0.001
1.07 -0.009
1.08 -0.018
1.09 -0.025
1.10 -0.033
1.11 -0.041
1.12 -0.048
1.13 -0.056
1.14 -0.065
1.15 -0.072
1.16 -0.080
1.17 -0.087
1.18 -0.092
1.19 -0.098
1.20 -0.104
1.21 -0.108
1.22 -0.112
1.23 -0.117
1.24 -0.121
1.25 -0.124
1.26 -0.128
1.27 -0.131
1.28 -0.133
1.29 -0.136
1.30 -0.140
1.31 -0.143
1.32 -0.147
1.33 -0.151
1.34 -0.155
1.35 -0.158
1.36 -0.162
1.37 -0.166
1.38 -0.168
1.39 -0.172
1.40 -0.176
1.41 -0.181
1.42 -0.187
1.43 -0.193
1.44 -0.201
1.45 -0.209
1.46 -0.218
1.47 -0.228
1.48 -0.236
1.49 -0.245
1.50 -0.252
1.51 -0.258
1.52 -0.261
1.53 -0.265
1.54 -0.267
1.55 -0.268
1.56 -0.268
1.57 -0.268
1.58 -0.268
1.59 -0.268
1.60 -0.268
1.61 -0.269
1.62 -0.270
1.63 -0.270
1.64 -0.270
1.65 -0.271
1.66 -0.272
1.67 -0.272
1.68 -0.273
1.69 -0.274
1.70 -0.274
1.71 -0.271
1.72 -0.271
1.73 -0.273
1.74 -0.277
1.75 -0.279
1.76 -0.281
1.77 -0.282
1.78 -0.283
1.79 -0.283
1.80 -0.284
1.81 -0.285
1.82 -0.286
1.83 -0.286
1.84 -0.287
1.85 -0.287
1.86 -0.287
1.87 -0.286
1.88 -0.285
1.89 -0.283
1.90 -0.280
1.91 -0.275
1.92 -0.271
1.93 -0.266
1.94 -0.262
1.95 -0.257
1.96 -0.253
1.97 -0.250
1.98 -0.248
1.99 -0.245
2.00 -0.244
2.01 -0.243
2.02 -0.242
2.03 -0.241
2.04 -0.239
2.05 -0.238
2.06 -0.238
2.07 -0.237
2.08 -0.235
2.09 -0.234
2.10 -0.233
2.11 -0.231
2.12 -0.230
2.13 -0.227
2.14 -0.226
2.15 -0.224
2.16 -0.223
2.17 -0.221
2.18 -0.220
2.19 -0.219
2.20 -0.218
2.21 -0.216
2.22 -0.214
2.23 -0.213
2.24 -0.212
2.25 -0.211
2.26 -0.208
2.27 -0.207
2.28 -0.207
2.29 -0.207
2.30 -0.206
2.31 -0.205
2.32 -0.205
2.33 -0.205
2.34 -0.205
2.35 -0.206
2.36 -0.205
2.37 -0.204
2.38 -0.204
2.39 -0.204
2.40 -0.204
2.41 -0.203
2.42 -0.203
2.43 -0.203
2.44 -0.203
2.45 -0.203
2.46 -0.202
2.47 -0.203
2.48 -0.203
2.49 -0.203
2.50 -0.204
2.51 -0.204
2.52 -0.205
2.53 -0.207
2.54 -0.209
2.55 -0.211
2.56 -0.213
2.57 -0.216
2.58 -0.221
2.59 -0.225
2.60 -0.230
2.61 -0.235
2.62 -0.241
2.63 -0.247
2.64 -0.253
2.65 -0.260
2.66 -0.265
2.67 -0.270
2.68 -0.276
2.69 -0.281
2.70 -0.285
2.71 -0.289
2.72 -0.293
2.73 -0.296
2.74 -0.299
2.75 -0.302
2.76 -0.304
2.77 -0.305
2.78 -0.307
2.79 -0.308
2.80 -0.310
2.81 -0.311
2.82 -0.312
2.83 -0.313
2.84 -0.314
2.85 -0.315
2.86 -0.316
2.87 -0.317
2.88 -0.317
2.89 -0.317
2.90 -0.318
2.91 -0.318
2.92 -0.318
2.93 -0.317
2.94 -0.317
2.95 -0.317
2.96 -0.316
2.97 -0.315
2.98 -0.314
2.99 -0.312
3.00 -0.312
3.01 -0.313
3.02 -0.314
3.03 -0.316
3.04 -0.318
3.05 -0.318
3.06 -0.319
3.07 -0.320
3.08 -0.321
3.09 -0.322
3.10 -0.323
3.11 -0.323
3.12 -0.324
3.13 -0.325
3.14 -0.327
3.15 -0.328
3.16 -0.330
3.17 -0.330
3.18 -0.331
3.19 -0.333
3.20 -0.334
3.21 -0.335
3.22 -0.336
3.23 -0.336
3.24 -0.336
3.25 -0.336
3.26 -0.336
3.27 -0.336
3.28 -0.335
3.29 -0.333
3.30 -0.332
3.31 -0.330
3.32 -0.329
3.33 -0.328
3.34 -0.328
3.35 -0.327
3.36 -0.327
3.37 -0.329
3.38 -0.331
3.39 -0.333
3.40 -0.337
3.41 -0.339
3.42 -0.343
3.43 -0.348
3.44 -0.353
3.45 -0.359
3.46 -0.365
3.47 -0.371
3.48 -0.376
3.49 -0.383
3.50 -0.388
3.51 -0.394
3.52 -0.398
3.53 -0.403
3.54 -0.405
3.55 -0.408
3.56 -0.411
3.57 -0.413
3.58 -0.414
3.59 -0.416
3.60 -0.417
3.61 -0.416
3.62 -0.417
3.63 -0.416
3.64 -0.416
3.65 -0.415
3.66 -0.415
3.67 -0.414
3.68 -0.412
3.69 -0.412
3.70 -0.411
3.71 -0.410
3.72 -0.409
3.73 -0.409
3.74 -0.407
3.75 -0.406
3.76 -0.405
3.77 -0.404
3.78 -0.404
3.79 -0.403
3.80 -0.402
3.81 -0.401
3.82 -0.400
3.83 -0.399
3.84 -0.399
3.85 -0.398
3.86 -0.397
3.87 -0.397
3.88 -0.394
3.89 -0.393
3.90 -0.391
3.91 -0.389
3.92 -0.388
3.93 -0.388
3.94 -0.390
3.95 -0.390
3.96 -0.393
3.97 -0.395
3.98 -0.396
3.99 -0.398
4.00 -0.399
4.01 -0.399
4.02 -0.399
4.03 -0.399
4.04 -0.399
4.05 -0.398
4.06 -0.398
4.07 -0.397
4.08 -0.396
4.09 -0.396
4.10 -0.394
4.11 -0.393
4.12 -0.392
4.13 -0.391
4.14 -0.390
4.15 -0.389
4.16 -0.388
4.17 -0.386
4.18 -0.385
4.19 -0.384
4.20 -0.383
4.21 -0.381
4.22 -0.380
4.23 -0.378
4.24 -0.375
4.25 -0.372
4.26 -0.369
4.27 -0.365
4.28 -0.361
4.29 -0.357
4.30 -0.353
4.31 -0.349
4.32 -0.344
4.33 -0.340
4.34 -0.337
4.35 -0.334
4.36 -0.331
4.37 -0.329
4.38 -0.327
4.39 -0.325
4.40 -0.323
4.41 -0.323
4.42 -0.322
4.43 -0.323
4.44 -0.324
4.45 -0.327
4.46 -0.330
4.47 -0.334
4.48 -0.337
4.49 -0.343
4.50 -0.348
4.51 -0.355
4.52 -0.362
4.53 -0.369
4.54 -0.377
4.55 -0.385
4.56 -0.393
4.57 -0.403
4.58 -0.413
4.59 -0.423
4.60 -0.434
4.61 -0.444
4.62 -0.455
4.63 -0.466
4.64 -0.475
4.65 -0.486
4.66 -0.496
4.67 -0.506
4.68 -0.515
4.69 -0.525
4.70 -0.534
4.71 -0.542
4.72 -0.549
4.73 -0.556
4.74 -0.562
4.75 -0.567
4.76 -0.571
4.77 -0.574
4.78 -0.576
4.79 -0.577
4.80 -0.577
4.81 -0.577
4.82 -0.575
4.83 -0.574
4.84 -0.572
4.85 -0.570
4.86 -0.567
4.87 -0.564
4.88 -0.560
4.89 -0.556
4.90 -0.552
4.91 -0.548
4.92 -0.544
4.93 -0.540
4.94 -0.536
4.95 -0.532
4.96 -0.528
4.97 -0.522
4.98 -0.518
4.99 -0.513
5.00 -0.509
5.01 -0.504
5.02 -0.500
5.03 -0.495
5.04 -0.490
5.05 -0.485
5.06 -0.480
5.07 -0.475
5.08 -0.470
5.09 -0.464
5.10 -0.458
5.11 -0.451
5.12 -0.445
5.13 -0.438
5.14 -0.431
5.15 -0.425
5.16 -0.419
5.17 -0.414
5.18 -0.409
5.19 -0.404
5.20 -0.398
5.21 -0.392
5.22 -0.385
5.23 -0.376
5.24 -0.367
5.25 -0.359
5.26 -0.352
5.27 -0.346
5.28 -0.343
5.29 -0.341
5.30 -0.340
5.31 -0.340
5.32 -0.338
5.33 -0.336
5.34 -0.334
5.35 -0.331
5.36 -0.328
5.37 -0.324
5.38 -0.320
5.39 -0.316
5.40 -0.312
5.41 -0.309
5.42 -0.303
5.43 -0.299
5.44 -0.295
5.45 -0.290
5.46 -0.285
5.47 -0.280
5.48 -0.275
5.49 -0.269